01001110101111111110001100111110111000101000110010011110000001111110011111001100011110001010100101111110011011011101101100010100
01010010000011111100101000110001001100010000000100100010001111011011010110100101010001101000001000011111011100011100101011110101
00110000100111010101010111001010011010000100001101110101011010001000101010000010000000110110000101111110000000000000101100011010
10010100100111100001110100101110001101110111010110000001110101010100101111010011001110101110111111000000001100111011011010011000
01101000101001110001111101000010100011110101000101111110101001001111100101100000000100000111000111101000011101000011000011011001
11111101000001101001111111101000001001110010000110000100001111110010001101011001101011010100111000100001101101100111010111100011
00011110110101011100111001110001000001011100011010100110111100110011000101111111011111010100100011000011000100000001000110100111
01001001110011100110100010011111010010010110101000110011111000100010111111010110111110110111011010011011011100100001110010110111
10011000100011001111000101101000001011000110110111010001010101101100000111011110001010011111011010101110010111010011101000101110
00111010011010010100111001111110000010001001101100010011101110101010011011001110110011001100011011011100111000100111011110101110
11111001110110000001110101000000011100001111010000010111100010111011111101100101000000010100110000010001110100010000000101101100
11110000100000010101110100100101111000110010011101010001111000110001000100001000101101000111010100100110001000001010001111110110
00100101001111010010000101100001011101010001000011000000000000001011010000001001111101101011111011000001101001011100100111100101
01111000101111110100010000101011010000000100000001111100111111000110101101111000101111101001000010010001000000011110001010000111
00110011101000000111101011010110101100010110000101100011101100001001101001010001011011100101111000101001000010110100111010100010
11000100111110011111010110011001100100001111010111010010110100110111000011001010010011101001010111011100110101001110100100011100
10111110110000011110100110001001100111001001011100010011010111110101111110011000000001011100000111100001010010001000101100111001
01110110011111011101010100001011010010100001110010110011011111001000001010001010010110100110010100000011111001101010111000100000
11011010011011100101010110001010001010100010111011000101000010101110001010011000000100101011011100100011111011100110001111100010
10100001110001100111111100001110011101000010101011110011111011110111111100010000011111010100111000100101010101110111100001111011
01100011011001000001101111010001100101010001011001001010111111000010111010000001011100000101100101100111111110101000111000001010
11110101001010000000001100111101011100000010011111010000111000011101100001111001010101011001000101010000001000100101000001101111
10110000010000111000000010011111110011100101110001101011010011100111111100111011000110110011001101001110100001111111110010000111
00111000100010101001110100111100101101011001111100101010101110100000110010111111001101011011011010001110111110011000011101011001
10100010111100000100100011010110000011110101100000001110000011000010111110100011011100101000101000001001111001100101000100100011
10011011001001000111000010100101111011111101110011010010111111010011101110011011110111111010110101101001001101100001101010011000
10001100010011101111111010011100000000101000110100110001101101000011110100000110101001000001000000011010101000110000000101001101
01010101000110111101011110000101100001111000010000100000011110000011001110011111101001011100001011000011000101001001000000000011
11101000001001111000011100010011111111011110100101001000100011110001101000010010100100011110110000111100101110001110000001000101
01110100000011001011110101101010010110110001011111010101010111000011111101011000101001111101110111011101111110111101000001101111
00101110000110001101000101011000000011110000000010111010111011001011000000100011111100000101011111111101110000011100101010010110
11110011000001000100010110111110010011000111100101100000111111100010001001011111111000101011001010011000010111110100111001011000
11000000001100001110110101110110000100001011111100111001110010011100111011101101101000000001000110001010010010010011010011100000
01000100100100111001000101111101001011011111110000010011001000100110010011101111111010110010110011000101000000101111101001010100
00110011000011111100100111000001101000101010111100000100011010101110001001001111100001011011001001100010010001110010010100010011
10101111111100010010001110100111001000111101101101001011011011010100001111100110101000001000011111111000111101010111110101100001
11010000001001100111010101110011101100011110111110110010011001110010010000001001010110000011110100011100101100111100010101111001
10111000010010000001100000100000101111001110111000001010001111101111001010111110101000100000110110000111001011000001011001001110
00101111000011100110010000101000101010000110011101110111010111011000101101110100010000111101100100111111100111010011100010101111
00001010101011011100011101011111100101101101010000000101110000111011010100010100100111111000011100110001100011010111000101000110
11011011000000011100100010111000100101110010100111100111110110001101111001110000100001010101010011101100010000000011110010001010
10110001010110000110100000001101011111000010000101000001110000101100000101000110100010110101100110110000100111001000110001101001
11100101111000000110111111101101101000101111010010110010010000001100000001011011010001111111001111111010010000101001111110000000
10110010011001001011011000011001000101111111101101001100000110001011111101100001100111101100111001011100010110001111001100100101
10110101111000101011010101101111100100010001110011110100000011111001100110100101110001011010001001000101110011010000001010100000
01000000011000011000100011111110001011010100101010111110010001101000000101011010000001100000010101011000001111011100000111111101
10001110111101011100000111000001101111010111110111010111001101100001000111110100000111111000011000100111100100010110001110000110
11101001100000100100100100110011011000000000011000010001010010001001011000011111101111000000110011100100110000011111000010010011
11000101000101010011011111011010100001101101000011001111100111010110011100000100100101010011110101100001111101100001111010110100
11000111000010101101100111011001011000000010100010101010010010001011100110110101100010100010000100111101001010101011001010111110
01111111000010011101100101011011010100010001000110010100000000011000111111001111001000000110011110011101000101000000111010000101
00110010101001111110001110111111010101010001110111010011111001001100001011011101000001000111100010110100001111101001100011010001
10101001110011000100010111001001101010010001000010101101010110000011101111101110100100110110110001011011001110010110111000000100
01000001010011001110010001111101111000001110110000000101000011001001100111010000000101111110100001001001000111110111011111110111
01101010000011101010001100010000001110100101100110100010000010010100100000011000111110111000011011010110101101101101100001011001
10011110111100100100001001111101110101111101100101001010100100100011001111110001101001101100001100111100100010000001011111010011
10111000001101100100011110010111011011010101101011110011111011101100111111110110000110100111110100000001111001101111001111100000
11001011010111101010101010111011100100110010011011111000111111001011110011000001111110000111000101100111101111010001011000001111
10010101000011001111001010110011000101010101101001101100000010101001010110100001101001110001100010101101001010110000101110001111
01010110110000111110110010011010111010110010001110111100111011110101100110001000011111111010001001101011001001010010110110110011
01010110001101110010010011010011011010101100111110111110001100110101000110110101110100010111101101101101011010010111001100011001
10011101001000111100001010001000000000011001001011000101110110100110110000111010101111111001000110111101000111101011000111101110
00101001011110101100001000100000000101101011101010000100110101100001000111010011110101111110100110100011100101011110001000110011
11001001111010111101011110100110010111111001010011001010001111110001000001000100011001111001011110101110010101011011000100000001
00100110101000010011011100011100100111100111011100011101011101010001010110000101000000000001100010000100001000100001001101101010
10110001010100100000100100110010100100100101100010000101011111011110000001100110111001100100100101111000101110011100000011001011
01110011001000110011110000110111000100111001101001001011101111001001111101011001110010100010110101001000001100010110101000000101
01110100011000101100111001001100010000111001110011110111110011110101110000001011110001001001000000010100011000100101011111011011
01101000000011011100111010011000001101001011101001010011100000110101110111010000100110011101011010100110001100110111111011110101
00101110100010111111110010110011011010100001111100010011011101101110000110110101111100010110001101001000001101111011101111110010
11011111001101010111110111111001101110110010001100101111101100001101010101011110100000000000000000000111101001100011011100000110
11011011100010000000001000100110110010110101111111000101111000111001101001011011111000101000101111101110010010111110100111100010
11011110011110110001111101110101001011001010011001011101110000111010110000001000100110111000000111111100110110000100111001100000
11001100001111101101111100010010100100100010011011001110001010000001000111001111000100100011100011101111101001000010111111011101
01111000100101010000100100110101101110100111111011110000101011100110001101111110001101101100001001110111000100010000011110111000
01011000010011111000000100111000000110000011011110010000011100000010010100000100000011000111001101111001110110111011101011100110
01000000001001000101010010101011011101001010111101011000010001000100010100010010010100110010111110111000000100010110110001010001
01110000010010100111101011000101111110111011010100000001111011011010100010001011111100100110001110000001001110010100000111100100
00010101000100011000101111000111101010000111101101011011100110010100000111111000000010010110111010011111110000010011001000001101
00001001101011001110110000000111100110100011011001100001101000001001110101110100001111000000010001111010111010110001000001001100
11010011011110110100000001010100110000010100010110110010111011000010011101110000010101101011011010001111011111001000111100010101
10110000100000110000111010101111101110000101100110110001011100000110011001001001001001100011001010101111111010100111010100110110
01100111000011000110101110001100111101011010011101100001101011111110101001011111010001110110011010010101101110101000111111100100
00110001111101011101011001100101100010111001101100101000111001101010000000100001100001001111111111000011110000000101110100110010
10101101101001011011111111101110011111111000010000111010111110100100010001010000000100110000110001000001101011111000111011011011
11000111000100100101001000001111110010110000111001010010111010001101001001001111110000010010000010001101111110000100000110111111
10100010101000010001111010101100100100111000011111110110100001000110101000011111000100110111100110011000101101111111100011010100
10110111000001100001101010101010100011011011101110010001011110110110010110110111101100001011110110010010111100010010111011101110
10011101001111100001100111101100011000101010111011001111010110010100101010011110001010011100101000110001100100001111011000000001
00100001110100010011100111110110010110101101000011111101010011111001110100010000100101101111000110011010001010010010001110111001
11011110101001011110000100010010011011011101010000011110111000010100000000000000000010010001100010101011101000000111101110111011
10110011001101001000110011111011001011100100100110100000111101100001011001100001001001111010101000001101110111101110011100101101
01100001111010001000010101100001110110011111110101011111101110101001110010110010111001010100001000010111001101000000101100111101
11010011001101010001000001110011100111100101101011011110101111110100100000001101010101100110011000000011110110010010100000100100
10011000010001001101001110010011011101001011111010111011111010011011100010001101010011001011100010011000011100001000111011011010
01100100010111011100011001011000001111101111000011001010001101111110101101111100101111101101001100001010100100111010101010011100
00111100001000000000100100110011100000000001110001000001000110100010110000111110110010011001100110011000111010010100000100001100
00110100001111110110100101111011101100110111011000000101001011111010111101100101110011011001111001110100101011010010001010110011
11110100000111001111101111101100001001001100010001010010100011101011110001001111000110010111111001101011111110001001110010011101
01110011011000100011110111110101000011100100111100110111100100001010001000010110001001111110100000101001101100011110011010000101
